5
5
10
1 2
1 3
1 4
1 5
2 3
2 4
2 5
3 4
3 5
4 5
9
12
1 2
1 3
2 3
3 4
3 5
4 5
5 6
5 7
6 7
7 8
7 9
8 9
31
45
1 2
1 3
2 3
3 4
3 5
4 5
5 6
5 7
6 7
7 8
7 9
8 9
9 10
9 11
10 11
11 12
11 13
12 13
13 14
13 15
14 15
15 16
15 17
16 17
17 18
17 19
18 19
19 20
19 21
20 21
21 22
21 23
22 23
23 24
23 25
24 25
25 26
25 27
26 27
27 28
27 29
28 29
29 30
29 31
30 31
13
78
1 2
1 3
1 4
1 5
1 6
1 7
1 8
1 9
1 10
1 11
1 12
1 13
2 3
2 4
2 5
2 6
2 7
2 8
2 9
2 10
2 11
2 12
2 13
3 4
3 5
3 6
3 7
3 8
3 9
3 10
3 11
3 12
3 13
4 5
4 6
4 7
4 8
4 9
4 10
4 11
4 12
4 13
5 6
5 7
5 8
5 9
5 10
5 11
5 12
5 13
6 7
6 8
6 9
6 10
6 11
6 12
6 13
7 8
7 9
7 10
7 11
7 12
7 13
8 9
8 10
8 11
8 12
8 13
9 10
9 11
9 12
9 13
10 11
10 12
10 13
11 12
11 13
12 13
20
19
1 2
2 3
3 4
4 5
5 6
6 7
7 8
8 9
9 10
10 11
11 12
12 13
13 14
14 15
15 16
16 17
17 18
18 19
19 20